0.5792213
1.790178
0.3182912
1.524727
2.203472
0.5783241
5.590606
1.091775
2.46586
0.1485567
0.9843472
3.644474
0.1565591
0.2339879
0.5998905
1.721063
1.614957
1.260769
2.96554
0.3391311
3.207807
2.480089
0.3877812
0.4269941
1.303782
1.071927
6.551082
3.907822
0.9460489
0.4931448
1.207636
1.02068
1.843205
0.9597245
2.390185
1.04618
0.2394663
0.8377137
5.882833
3.111186
0.475001
1.106608
0.3031418
2.119249
3.302419
1.638747
2.263177
3.73123
2.522014
0.05225488
2.173664
0.8983677
2.132378
2.326093
1.542818
0.2840354
0.6518763
0.6200588
2.726709
2.156086
0.0555153
6.568031
2.573423
1.652224
0.2397786
6.786193
4.073454
1.539528
0.3883485
0.6853522
0.5101115
2.543827
3.410028
1.77079
2.276861
0.4900094
0.6573702
3.421736
0.2739621
3.464111
0.6320137
0.2041839
0.02938631
1.276318
1.734674
4.204471
3.089266
1.467858
0.7919806
0.2753323
1.728511
0.5998284
2.421358
0.1465803
0.2472152
1.683334
0.3032614
2.035368
0.7847138
0.937823
0.07604387
0.1053151
0.8040238
0.8518684
0.1862782
2.621158
0.4219373
0.3215122
1.163203
2.372436
0.0654705
1.36512
0.8486471
0.5406998
0.4099033
0.6648918
0.592122
4.779489
0.2272509
0.6510771
2.362742
3.645361
2.021342
0.4579183
2.166939
0.4274277
0.6027824
0.4010597
2.880279
0.7034218
0.5123602
0.9089282
0.1555654
0.8089341
1.309695
0.1388388
0.1078568
3.907754
2.499849
0.6299238
0.4169626
0.6025598
0.4712549
0.7100062
0.4721401
2.372521
1.339004
4.090425
1.786109
2.354214
1.532537
0.7159857
0.09790261
1.55313
0.1123993
2.105996
1.073774
1.940844
1.16593
2.215808
4.350888
0.2066476
2.528651
2.340309
0.1042535
0.9939624
1.169038
1.955892
0.04375263
0.05684034
0.3732186
1.335824
0.3333347
0.9540835
0.04517273
0.6699519
0.4759119
5.920091
0.8333337
0.9710045
0.1052595
0.2899241
1.95271
0.4108853
0.5525981
0.422665
0.4709495
0.885448
0.7542451
2.306165
0.3455271
1.120041
0.5993211
2.988402
1.935596
0.3363125
0.7700367
0.5616386
0.2364449
2.637874
0.2763145
0.4707433
3.620406
0.3728542
0.04455476
0.653158
0.6976615
3.21716
2.467516
0.7278152
1.329935
2.364765
1.796087
0.0514673
0.8293301
1.119986
1.061366
0.2367958
0.07856185
1.964392
1.190773
3.9375
0.3251168
0.2366069
3.93008
0.702725
0.001979158
5.647358
0.6389259
1.981388
1.953436
1.194005
1.90763
0.171208
0.73223
1.141757
0.6212975
1.040423
0.3480505
0.8299392
0.7911006
1.688381
0.6025284
0.2709085
0.8917634
1.704801
0.4218688
2.811625
2.463317
1.379198
2.25381
0.3439976
1.160651
2.6677
0.3367237
0.00301407
0.009749471
0.1111251
2.255875
0.2990406
3.131452
0.1185318
0.568395
0.6920931
0.7680786
1.193229
0.4865605
0.05639701
0.4408973
0.7035122
0.1078904
2.140901
0.1688909
0.07370766
0.322456
0.069709
0.7544186
1.374453
2.672322
0.8182206
1.553907
2.07314
1.13637
0.9115622
0.1521213
0.1687268
0.2236578
1.677641
1.88382
0.3588778
0.5769347
0.5188378
2.207292
1.074237
2.862467
0.2230982
0.1379567
2.026025
1.724103
2.251488
0.7084702
0.4977968
1.733351
0.006448061
0.2601151
0.9537784
0.7718075
1.103149
0.7438316
0.4708592
4.284233
0.4359733
1.289057
1.230521
2.286345
0.03946179
0.3837338
0.0008547225
1.087257
0.3477718
1.532738
0.4455155
0.4188558
0.7577123
0.7779234
3.840005
1.97861
0.06186548
0.2389244
1.13476
0.757623
0.2352172
0.06824305
1.894552
0.05164214
0.1324595
0.4856321
0.7305814
1.517709
2.021137
0.7754853
2.231602
2.465585
0.001804679
0.05121048
0.7762458
1.29696
0.5225039
0.1190789
1.754326
0.2052745
0.3690316
0.6974624
0.5988375
0.2135793
3.786441
0.04499491
3.057967
0.01140566
0.3429421
1.140366
0.7747372
0.5995636
0.7027087
0.05089642
0.2865536
0.5169078
1.779929
1.361684
4.075773
0.02174851
0.008854448
4.806033
1.028327
4.03854
0.5350311
0.4095904
0.8458135
1.242462
1.28751
1.412162
0.1856062
2.261269
0.7083256
1.351729
1.768768
0.8933999
1.512727
0.6163428
0.4822105
3.77381
0.1617007
0.8815208
2.003964
0.1560585
0.5764218
2.42418
2.209852
0.619741
2.346511
1.180106
0.3345279
3.675044
2.366084
1.666418
1.752254
2.432174
2.794364
2.286944
1.074058
0.8088128
1.041422
3.099705
2.078773
0.1876464
0.5771073
0.6593317
2.299291
0.3017313
1.456101
4.838211
0.2386498
0.313427
0.9784634
0.3114221
0.1958376
2.14463
0.7972157
0.5121199
0.467786
1.618919
1.59612
0.5826311
4.172663
0.7652478
0.08721853
1.049721
1.650151
0.4673178
0.4538157
1.060203
1.880865
1.12597
2.017283
0.9930855
0.6779686
2.282834
0.2095326
3.023514
0.8624429
0.9487593
0.1632641
1.255095
0.7034824
1.05387
3.808385
0.3555759
0.06861378
0.6069523
0.8639197
3.233964
0.6512787
0.277878
2.817175
1.354054
1.462445
1.395875
1.482119
2.554328
0.2234014
0.2717563
1.282644
2.457199
0.8559691
0.7839032
0.9361618
1.293175
0.1748623
0.5681525
0.3979382
8.071245
0.4629238
1.313779
0.159759
0.7484149
0.9533663
1.875905
0.1723164
0.9471834
0.04301701
2.271076
1.752738
2.607842
0.9893627
0.8919446
0.873989
0.5692685
1.130029
3.253879
0.1972589
0.6272353
1.119809
0.1969709
0.5758509
2.111687
0.8489467
0.1330525
0.1505056
3.291214
0.3557409
0.01251773
2.08805
0.398564
0.004617359
0.8903173
0.004541689
0.8326851
6.645677
0.6688415
0.8138004
0.2249468
0.3103873
0.0593083
0.2758765
1.724828
0.8272165
0.6756287
0.05311676
2.537842
0.3117377
0.4279605
0.08095947
1.752775
0.3031037
0.7743213
0.5650678
0.9066805
3.045299
1.070575
0.1985721
0.1612951
2.582977
3.928395
1.976703
0.3332426
0.2957337
0.1727
2.55534
0.2309487
1.215276
3.856321
1.236483
0.08841302
1.355243
2.552992
1.043549
0.8216436
4.20496
0.8067732
1.173158
0.4040026
6.419991
0.7629163
1.734646
0.5053781
0.1070832
1.780945
2.618973
0.8488401
0.2828624
0.6586594
0.1027367
0.3072001
0.08508694
0.09946495
1.081023
1.621418
0.6925758
1.857543
0.2698422
1.043721
0.07840057
2.236448e-05
0.2293464
1.907105
0.3577058
7.23886
0.5793726
0.8611182
0.3153443
2.113455
0.6985894
1.283445
0.05846778
0.2830499
1.860112
7.241496
0.6598306
1.03107
0.4064794
0.8669975
1.730259
0.5547354
0.2688427
1.103354
0.9740141
2.219924
1.009279
0.9914645
4.049619
1.710138
0.2370881
0.06681169
1.774425
2.444514
5.299308
0.6164963
0.3479319
0.9090253
0.4691851
1.801606
0.6313629
2.962001
0.09027389
1.977892
0.6796005
0.6218831
1.232061
0.4857181
0.4212378
0.4812301
0.06658349
1.106529
0.3475013
0.4051537
0.6632885
1.311371
0.2094495
3.416429
0.1013838
0.2095278
1.599834
0.9659765
0.7505544
0.1297321
1.113159
1.124474
1.00773
0.2208304
0.265214
1.020369
1.909697
0.7593084
0.02011699
0.7915152
1.513533
0.03799778
0.4255056
0.02849305
0.7868428
1.761393
0.8108562
1.567618
1.355125
0.7908669
0.7626567
4.390539
1.45799
1.956459
2.003809
1.612497
0.3395925
1.207397
0.5877961
2.442324
0.4497212
1.598049
0.1413221
1.022876
0.2388116
0.3930651
0.1462904
2.197537
1.597404
2.174088
0.00713757
0.002417344
1.366763
0.0004756172
0.5418614
0.8946976
0.4909401
0.2435665
1.100807
1.406423
0.4511785
0.701664
2.087301
0.2194713
5.340632
0.5624331
1.03748
1.733661
1.098709
2.306453
0.8062437
0.1243103
0.5966581
2.521375
2.736109
0.1190052
3.897478
3.241909
0.3155031
2.785208
0.1348663
2.241732
2.30414
0.6212129
0.2274751
0.03007468
0.3041247
0.5150282
1.963568
0.2627386
0.2781784
5.07334
4.973203
0.9031724
5.242774
1.616529
1.880264
0.6940505
0.2267879
0.2886917
4.776646
0.6070868
0.7601096
0.260274
1.13034
0.308016
0.3554318
0.9372346
0.4124851
1.090594
1.317128
0.1297724
0.6548636
0.2684827
1.510512
1.186256
2.126212
1.145012
0.6369147
0.01291643
0.7561307
1.989584
0.7435616
0.4619053
1.318943
0.2486189
2.301557
1.561126
0.0273142
1.089625
0.9687876
3.801646
4.75391
0.2403419
0.8015968
0.6662179
1.11807
4.090163
5.220988
1.97805
0.0874683
3.835521
0.2557421
1.187001
3.579942
7.990111
0.3914073
0.3965829
3.327996
1.742887
2.445228
0.2454
2.262771
2.222394
1.601051
0.4014359
2.912514
0.8675029
1.987023
1.914885
0.2129158
0.1859261
0.7615309
1.013049
0.4852976
0.9406009
1.200288
0.2626905
1.59229
0.675587
1.075144
2.853299
0.1018672
5.793616
0.3337376
0.4149525
0.2522813
0.3214096
0.2230818
0.2585459
0.2315448
1.138163
0.3419575
2.279241
0.466872
1.152247
1.080248
3.629046
1.658276
0.7630894
2.261164
1.589588
0.2558477
0.1720831
0.3536146
1.36891
0.9738036
0.6801789
0.6777473
2.612314
1.616587
0.9047709
0.1484018
1.882079
2.516718
1.782881
3.074052
0.1340674
0.8541097
0.9518329
2.17117
0.6677174
1.51869
1.973905
0.7011837
3.061946
0.6829638
0.1368429
0.03946903
3.895956
1.086747
0.8248932
2.093249
0.3353619
0.3683608
0.5918533
0.03092545
0.3499753
0.7531905
0.5187709
2.079634
0.04358461
0.1804411
2.594573
0.9603752
3.105119
1.819348
0.9608955
0.818359
0.4999043
0.9438127
1.711914
0.7398415
0.6369423
0.7381764
0.8571169
1.077306
0.9037853
0.4920051
1.099741
0.2797527
1.62187
0.1994274
1.151157
5.059366
0.1059056
0.5537763
1.126854
1.982936
0.3709878
1.114617
1.315235
0.0482466
0.5308732
2.287208
1.144775
0.0431688
0.814873
0.7656386
1.004774
1.868789
0.09151048
0.0317315
3.922323
1.058345
3.424926
0.8586398
1.333419
3.474791
2.943651
0.3667191
2.815107
1.818061
2.236206
0.3055643
0.2284775
2.096185
2.108287
5.295934
2.435338
1.790506
2.624729
1.162583
3.777236
0.7469778
1.00203
1.564444
0.8047843
0.6599676
1.135832
0.03859263
1.311881
0.8042347
0.8880455
2.042077
1.00881
2.904325
1.215419
0.3707187
1.804759
1.520764
2.211662
0.6543186
0.06678444
0.8430832
0.8766773
0.8046385
0.3747559
2.751518
0.05423324
0.7567256
0.6416221
0.03132613
1.776661
0.00876503
2.961385
1.223909
1.541683
4.346425
1.384469
1.08974
2.855564
1.124946
0.3624644
0.1889089
2.109161
0.3342731
1.822538
0.1309334
0.481949
0.3289931
0.1958707
1.892746
0.3656821
0.08363164
0.07105479
2.474015
0.1458245
0.7999301
1.499871
1.514026
0.001209824
1.308966
1.642916
0.05871917
0.9303296
1.34572
1.178819
5.142938
2.392192
1.462824
1.950915
0.5123764
0.4540406
1.761617
0.1636371
2.285893
0.1900722
0.3269608
2.838717
2.439865
0.1896055
4.249021
2.893773
0.4561976
1.654873
0.1634679
1.143598
0.4220486
0.7598174
1.204787
0.5851067
0.6074776
0.6690316
0.4334847
7.117511
0.4330264
1.712968
0.5499146
3.650914
1.413656
1.055029
4.610791
0.04666056
0.07936579
3.157423
0.4889875
1.212523
0.7117609
3.477329
0.3045533
0.2045879
2.607348
2.125812
0.8603846
0.7152071
1.136468
2.632498
1.780203
0.9488966
0.8666072
0.06239382
1.59772
0.8225867
1.400057
1.588668
0.5993553
2.408899
2.977753
0.8947216
1.916403
0.3974762
0.6986441
0.9509049
0.8372285
0.6307224
1.03583
0.06105752
0.4929567
0.4457306
0.8415864
0.1553675
1.723508
0.4206224
0.09142391
0.3772367
2.301353
1.526862
4.0852
0.1832236
3.598434
0.1533179
0.8480386
0.1979551
0.4787634
0.839345
3.268907
0.312033
0.4663031
1.255027
0.8985332
0.09898161
0.2424553
2.528869
0.8552411
0.3092669
0.5135206
1.930966
0.7872979
0.08891058
0.6667901
1.232209
0.5258238
0.2376058
0.4670363
0.625235
3.813431
1.60255
3.662572
2.890093
1.678793
0.7266628
2.671407
1.682491
0.8458047
2.509846
2.432207
0.09121693
2.878179
3.612967
0.2963469
1.698044
0.08612615
0.5336449
2.335084
0.004460022
0.3030273
1.057284
1.111199
0.0417667
0.842826
0.6543046
0.6878917
1.378587
0.193961
0.4746151
0.8339872
0.766782
1.718786
0.8566877
3.672424
0.3412296
1.729724
0.3127917
3.3792
0.2388954
3.145806
1.420305
1.482647
0.07078241
0.06244716
0.1563513
1.824399
0.8736789
0.1960938
1.110884
0.2501354
0.1873313
0.2721118
0.5395307
0.052114
0.6093798
0.3530274
0.7052404
0.4487659
0.3321924
1.852947
0.0004612927
1.664612
0.1431666
0.3942911
3.68448
2.154423
0.5177476
0.5084389
0.376327
0.163128
0.2438301
1.30843
1.695393
1.075947
1.645767
0.7726634
0.164526
0.0769289
3.379673
3.060014
3.277196
1.784018
2.977643
0.05201449
1.779969
1.023274
1.016797
0.2526716
0.8860981
0.7985266
1.083283
1.540216
5.633792
2.43903
0.08823445
2.616374
0.3145228
0.1926436
0.6822923
1.465521
1.872696
3.051764
0.7333981
0.2363841
1.643788
2.507527
1.502121
0.1409637
4.00221
1.074066
3.448909
2.572323
0.06666788
2.244717
0.2205793
0.06606053
1.792427
3.474794
2.142083
2.338851
2.361815
1.034989
1.223412
1.896471
2.750984
3.793044
0.4748173
1.896455
0.3143583
1.392655
2.590492
1.584229
0.007962149
0.234347
0.8930022
0.1803202
0.07599687
0.5493711
1.504072
0.358675
1.805463
2.065161
0.1396281
1.066264
0.7787449
0.4465211
0.05269959
4.375857
0.2895877
0.2029833
2.722892
1.764937
0.5497331
0.05797979
0.746796
0.650769
0.04385575
1.672811
0.9689939
1.199
0.4953406
3.707862
2.352382
1.543728
1.191883
0.2186212
1.452675
1.339206
1.116511
2.011576
3.700428
1.642438
3.537506
1.134507
1.420153
0.02559931
4.289878
0.8457913
0.04128345
4.323554
2.374426
6.01864
2.867756
0.9504077
0.5160036
0.681327
0.09969606
0.612632
2.396207
0.2034165
3.129398
0.5531627
0.1269123
3.201489
0.2662561
0.2534596
1.847229
2.477457
0.5682756
0.425302
1.452313
3.870977
0.9634159
1.198925
0.2454018
0.3762138
0.4308937
1.662564
3.417687
0.3659956
1.321457
0.4399849
1.221446
3.147034
0.8082584
0.04339285
10.99667
1.084731
0.03159141
0.7929388
0.2188718
2.673629
1.504614
0.08484219
0.7344386
0.3732605
3.028258
1.207044
0.7913122
0.8706596
0.3365071
0.946175
2.763482
0.235749
5.627994
1.945347
1.895741
1.595783
3.472853
2.086095
3.222978
3.384406
0.2903309
2.081967
0.3250615
1.396021
0.8010182
0.4651539
0.2949189
1.070038
3.710736
3.56726
0.9263203
3.078529
0.2479153
0.01846939
1.937474
1.134718
1.660186
0.1250119
1.545049
2.123219
0.2838526
1.341559
0.6742537
0.1932177
4.840174
2.106097
0.2410477
0.7842161
1.76557
0.2461939
0.0735607
0.3165965
0.09215956
1.034072
0.5748616
4.045991
0.8896849
1.946064
0.3083373
0.1565992
0.920501
2.052171
2.08751
1.66051
0.3834694
0.8790403
1.506048
1.064927
0.8730995
1.877966
0.1558086
2.501094
0.06460655
2.428331
7.133866
0.3312839
1.417387
3.410864
7.400936
1.210243
0.2246625
2.935721
0.2811142
0.2064578
0.6243414
2.590097
2.660262
3.30736
1.777172
4.522034
0.004528987
1.232073
3.252482
0.8639279
1.690316
0.4244748
2.892415
1.627876
0.4946865
0.7820245
1.273708
2.959463
0.01243893
0.5035361
0.2126462
0.4189217
3.087008
0.09860516
0.7049153
1.084663
1.04028
2.506272
2.240203
0.455586
0.5821146
0.3435176
0.4819581
0.3806777
3.543922
0.5543181
0.5514066
0.9336411
2.606955
0.5364904
0.3531983
1.195287
2.475446
0.583499
0.2990819
0.3311128
0.001438567
0.7649337
0.8184887
1.136599
0.09541066
1.570594
2.277913
0.4531426
3.047454
1.06665
0.03057382
0.06936733
0.8314238
1.899216
2.516106
0.4701709
0.08916954
0.5139563
0.4892755
0.5457915
0.08097116
2.118619
1.719184
3.75845
0.5268134
4.040671
0.1371537
0.05271721
1.783756
0.2845155
0.5836721
0.9465236
0.1145013
1.407183
0.08346614
1.546149
2.457531
0.3967005
4.859251
0.3363774
0.09875003
2.158171
1.382816
0.006563615
0.4463884
0.07575318
2.341528
2.614196
0.09434654
0.7345873
2.412649
0.01087135
0.4395477
1.659069
4.701147
1.568459
0.7481106
2.580161
0.5190243
0.9971374
0.1925398
1.181278
0.9335083
0.2956591
1.05913
0.003517253
0.3340694
0.6691211
0.6793854
2.62412
0.1948118
2.319662
1.109635
1.658749
0.1584079
1.459186
0.2603462
0.9679722
0.5611111
1.988718
0.2092403
1.605177
0.3942832
0.4093307
1.073505
0.4239419
0.1809532
1.24394
1.143424
0.9830209
0.0438247
0.1204869
0.2171823
1.162589
0.5631716
1.461747
0.6239524
0.3511564
0.2161722
0.7615083
2.253505
1.144096
0.462308
0.0007467442
2.848876
2.47816
6.482772
2.099624
1.022666
2.304452
1.899894
1.468233
0.1323469
1.467144
0.01937866
0.05759621
0.02495671
0.181884
4.214341
1.858861
1.105896
0.02590041
0.001128243
0.9019848
0.6524563
1.355294
0.2811769
0.08040052
1.171671
2.335266
6.810153
2.495839
0.2932756
0.7078015
0.6559403
2.270832
3.470458
2.016646
0.7272945
0.7169459
1.703298
0.4678586
1.05818
0.4751064
2.155323
0.8993301
2.542817
0.276064
0.928282
0.8742754
0.4594977
0.4790318
1.553557
0.5123242
0.2504625
6.871314
2.513307
0.6075352
0.4409662
1.031981
0.2418785
1.566261
2.688629
2.569526
0.5863081
0.64416
0.6608535
0.1490266
5.059653
3.063655
0.9266547
1.134594
0.2242123
1.799088
0.2630424
0.3690558
0.9831311
0.5289739
1.40477
1.009779
1.167901
0.1275263
1.072155
1.171018
1.745839
2.561967
0.6797706
0.471078
1.73666
1.105507
2.455062
0.6514504
0.4512955
0.5610878
0.4839073
1.02493
0.7621639
0.9227678
1.036422
0.08852739
1.69194
1.056988
0.465259
0.3003406
0.1368552
0.03712565
0.0810134
1.138423
0.3730317
0.1291502
0.4348464
0.2614747
1.160501
0.5771089
4.010155
1.094177
1.061195
0.8387007
2.51362
0.1532428
0.6949141
0.2922501
0.2760855
4.203836
1.640787
0.3521743
0.4883158
0.9114542
3.366324
0.3292956
1.059672
0.4105645
0.4333052
0.5285759
4.397811
4.641243
1.507492
1.575522
0.3666414
1.354189
1.126866
0.6663467
3.026832
0.7127572
1.331138
2.370979
1.128791
1.051418
3.043193
1.002978
6.395093
0.3247504
0.7236092
0.3098349
0.02383745
0.01225611
2.780704
1.566265
0.01609316
0.3349544
0.3852719
0.01329715
0.3941644
1.745758
1.539875
0.2877493
0.3057313
5.042645
0.001989514
0.1391642
2.58195
2.285008
0.7625938
0.2305793
1.087071
0.4126769
0.6423505
2.576297
2.150327
1.92906
0.1487514
1.287424
0.05772666
3.345025
0.3251509
0.8135226
3.11288
0.1103889
1.016915
3.42569
2.363167
2.185633
0.2873757
0.3746027
2.282811
0.9075296
0.2475023
0.1211135
1.425487
0.4665854
0.5296727
2.011345
0.6922254
1.555138
1.618
1.145001
0.07695092
0.4090991
0.6862626
0.6929694
0.6316308
2.577076
1.694291
0.1148198
0.2419808
1.284017
0.03549837
2.522448
0.2677747
1.59021
2.648921
0.04903273
1.789333
0.08717418
2.004407
2.181082
2.45136
0.02554968
0.3495963
0.7647143
0.582986
3.693295
0.3509217
0.5429226
2.244585
0.2312256
1.768889
0.9495157
0.1020307
0.1293378
0.07707362
1.067865
0.7342187
0.1009001
0.8028932
0.08996125
1.13595
1.288728
0.2631655
3.620966
0.03727178
0.5526203
1.679128
1.855231
1.038658
3.15428
0.4133859
1.156441
0.8852997
0.8146388
1.089268
0.5605184
0.09238233
0.7765063
2.988015
1.467833
0.8509223
0.99519
3.49922
0.174782
2.084076
0.6818038
0.2014734
3.274871
0.3159489
0.7041424
0.4042593
0.07086325
1.438564
5.228805
1.252132
1.159301
2.302043
0.9661671
0.2206026
0.4000595
0.0782979
1.093606
0.2761672
0.3835161
1.03173
0.4738736
0.8914728
0.0914089
1.623406
0.3533364
1.014853
2.51229
0.8162558
0.5416749
1.305423
0.6819289
1.584027
0.8847402
1.929362
1.279822
0.374159
2.597946
0.4857396
0.1957169
1.446195
3.346495
3.578037
0.6802303
1.677853
0.3988779
0.05339395
0.1326779
1.237674
0.5012444
2.134776
0.231786
0.1138054
0.1137687
0.9032278
1.841222
0.1844113
0.1346246
0.6696994
1.559999
0.8891646
0.2550017
1.709727
0.1591159
1.153651
0.49489
1.608798
0.3425755
0.7072263
2.733663
0.9880131
3.440263
0.9404483
0.3529159
0.668392
0.5651988
0.3691364
0.3867676
0.1110696
0.4444031
0.1709743
2.557585
0.7965054
1.67649
1.387308
3.360146
0.7910576
5.329302
4.043264
0.7336385
3.28954
3.318506
1.269466
0.7682888
0.09084814
0.08563453
0.5674514
0.7605043
1.052285
2.299087
2.047833
0.9235721
2.020354
0.5933888
3.506581
2.877034
1.159438
2.934822
0.7508864
0.9095193
1.114218
0.3419282
11.58392
0.3510036
1.240706
3.502042
0.7282221
0.1567923
0.6481573
0.8216404
0.2675838
0.1920699
2.266325
1.613186
0.2810718
0.05928824
0.1225762
1.14525
1.62745
0.4203681
1.12164
1.941059
1.049052
1.575383
1.454309
0.7075129
1.261859
0.5517457
0.6046901
0.00982174
0.3953247
2.248542
1.459607
0.8989045
0.2569386
3.448871
0.4408749
0.4293457
0.2801474
0.3186806
1.50661
0.9436282
0.9994089
0.1882399
0.5689793
3.480318
1.924339
0.05443929
3.796741
0.4087445
3.669075
2.155831
0.2401576
0.05532998
1.04687
0.08308726
1.303424
0.3170806
0.5637877
0.5395045
0.01772884
9.829916
2.171092
1.205079
1.839746
1.958096
0.5732363
0.5050226
3.287124
0.402372
1.889048
1.447179
0.5611522
0.2325037
3.042207
1.444912
0.7446806
0.01730349
0.2038246
0.8253787
1.57478
0.01996772
0.003001596
1.325775
0.06810291
3.751166
1.496025
0.9527148
0.388927
0.08230866
2.539399
1.485026
3.798371
0.4069917
1.367001
0.1893329
1.580848
1.109677
0.2130883
0.5384965
0.4420218
0.1749117
1.765449
0.1480058
0.8383311
1.632825
0.6997432
0.8455506
0.2107459
1.459681
1.306064
1.027238
3.555473
0.145792
3.701857
0.6271522
0.4862619
5.872767
4.433271
0.591191
2.637133
2.525847
0.1087062
0.3663099
0.0758347
1.109568
0.5589024
0.5343151
0.3168292
0.4845097
1.348451
0.6445274
0.0538068
4.147309
0.9018836
0.08177417
4.69521
0.1813225
4.210402
0.2154806
0.6603501
2.236044
0.190224
0.09040921
0.1520713
1.038252
1.121713
0.9480347
1.560925
0.1458762
0.316984
0.002788749
2.195192
0.8480432
4.544061
0.4589379
2.292961
0.2895887
1.305117
2.821692
3.361261
1.050735
0.5464365
0.2214741
1.539086
2.972507
0.8977751
1.81071
0.6193982
0.6788674
1.045537
0.2657579
0.9654784
0.05458854
0.8020915
0.7249359
0.7613334
1.973917
0.5807096
0.7148551
1.206194
0.7058864
0.02099262
0.417135
0.6217115
4.65978
2.176984
3.406045
0.1372117
0.09251982
0.9611867
0.8455622
9.56464
0.358966
1.454707
5.625557
0.9400069
0.2334547
0.9453381
0.06230995
0.1840176
1.347722
0.8509984
3.155197
0.1193744
4.591273
0.9467135
1.028417
0.7067278
2.299282
1.193432
0.4546824
0.429152
1.338851
0.4079818
2.770401
0.3901634
0.0909687
0.6203604
0.3372487
3.355283
1.159195
0.7247767
1.331524
0.877179
0.464238
0.8516924
0.1381048
2.090191
0.5203568
0.4740464
2.30583
0.4488365
0.4815049
2.366703
0.3925847
1.439084
0.3667137
2.997637
2.617899
0.6964539
1.348719
0.3881028
2.081354
0.824756
0.4357393
2.518372
2.438767
0.7139446
2.87915
1.05828
2.947812
2.471589
0.5211134
1.20326
0.2501498
0.1084232
0.61841
0.5418467
0.2780422
1.789031
0.5225425
1.197794
0.9583692
1.128581
0.3520263
0.06514576
1.264466
1.301221
5.992991
3.01205
0.4721112
2.822799
0.02836018
0.2498202
1.506974
1.085163
0.9441342
1.488134
1.923724
0.9815565
1.858986
0.2400749
2.314644
0.3275574
1.687548
0.1496196
0.6032449
3.651702
0.1307695
0.01399612
0.4740939
1.733591
0.2944264
3.24008
0.2245876
0.2959477
3.77732
0.8488039
3.809227
0.04472535
1.364095
0.654346
0.6587823
0.5828009
1.007139
0.6267139
0.01947326
0.3525245
0.0134497
2.043694
0.4430716
2.091957
2.997297
1.997782
2.02227
4.223186
0.08464682
1.170138
1.972203
0.1151631
1.323038
2.595926
0.6548808
1.839395
0.8343309
0.1256797
0.1679672
5.271241
0.01868382
1.714974
2.360885
0.4574353
2.572258
0.02192222
0.1463979
2.832108
3.001458
0.2227156
0.9067178
0.005219744
1.204894
0.8551187
0.6133535
1.01982
0.03162171
0.07695967
0.4870232
0.8044607
3.016309
1.544355
0.8868927
1.836106
1.803219
1.231687
0.6412521
1.204405
0.2726251
1.296373
1.411613
0.4909639
4.749481
2.367763
0.8283344
2.989732
1.207977
0.66614
1.352034
2.765431
5.276557
6.697799
1.41556
2.300984
0.2747364
0.5676167
3.586866
2.178844
3.608077
0.9433484
0.7385112
1.754173
0.002855316
0.7145775
0.6890258
0.1890281
1.901861
0.5812115
0.5995454
0.8216513
0.6286305
0.4085905
0.2336724
4.396607
0.00488402
1.536536
0.7232375
3.302751
2.17953
0.1403265
0.133664
7.668871
2.345268
0.04090797
1.974154
3.630139
0.4849989
1.62998
0.8688868
4.721676
0.852094
1.695396
0.101217
1.867993
3.352918
0.2573157
2.365394
4.940247
0.5549169
6.513643
0.8587953
0.2341053
3.295575
0.2369601
8.185886
0.03097271
0.1567677
0.2961294
1.768729
0.3982714
0.812214
0.2417617
2.510604
0.4143348
0.3497321
1.991924
1.774776
0.7057017
0.7530364
0.3202755
2.580343
5.051756
0.405903
1.467609
0.103897
0.5230655
0.3328268
0.2126936
0.5960995
0.7467816
0.06151733
1.102369
0.1463325
1.148044
0.8960722
0.1387093
3.697441
0.6764847
2.153148
3.467074
3.135143
0.2102083
1.935578
0.2470279
0.2021318
2.445851
3.162718
1.371848
0.5449332
1.004743
2.53666
1.062325
0.8875453
1.776453
4.061315
0.5206714
2.984324
5.275101
0.4419809
0.08833886
1.185434
0.764942
2.59821
0.4588379
0.3935463
1.468573
0.5272564
1.207802
2.328369
1.363946
0.4634387
0.7783417
3.036196
1.296181
1.806036
0.7625286
2.319708
1.214793
1.586723
0.07688872
6.812982
2.693908
0.6007453
0.4652788
0.06890804
0.7746056
0.8529881
0.8867089
0.01344104
1.133877
1.00846
0.1767684
0.2684883
1.79493
0.1848519
0.3542099
6.413064
1.549012
2.375371
1.903618
0.8031542
0.06867439
0.2023638
1.369111
3.132246
2.947221
0.1195584
2.332744
0.5961793
1.47088
0.9987707
0.2549941
0.2144248
0.01995949
2.303597
0.3658072
0.2583823
1.024679
0.7622161
2.719002
1.715478
1.891311
1.093042
0.2612876
1.642885
0.08118193
1.354785
0.1106775
4.095768
1.492911
1.77834
0.5933739
0.6019127
0.01279685
0.7590218
1.042607
0.7855947
2.085741
2.815762
2.382944
0.3911711
5.062732
6.019283
0.281868
2.618072
2.868355
0.7596988
0.1126545
0.4266564
3.439836
0.7436715
1.205761
0.07976327
0.5614693
2.443279
3.443432
0.07062882
0.9729182
3.618574
0.1198611
0.2234629
0.08392798
3.476241
1.622747
0.091831
6.02894
0.4703692
2.090319
1.889482
1.431727
0.3123535
0.5285196
4.725753
2.601567
1.582803
2.230568
0.155869
1.071012
3.520923
4.641691
0.6906864
6.821667
0.2724442
1.244147
2.536144
2.891509
1.788223
0.7040903
1.487055
0.1671324
0.2527309
1.205995
1.155096
0.8651757
5.394958
0.1830577
2.203602
0.2796557
2.122906
2.617085
0.09895255
2.083312
0.9113722
0.6296087
0.1874864
2.158389
5.404462
0.9402614
2.747832
0.4614056
0.6412718
3.421124
0.3030036
0.1271872
0.2174349
1.228768
0.6685949
5.440084
1.216601
0.3293791
0.7373163
0.624332
0.2406956
0.3574658
1.512188
2.953078
4.832803
0.2874139
0.09286287
0.03798058
1.627115
0.1408459
0.4050791
1.589234
3.137489
0.3684186
0.3712449
0.6623726
2.525848
2.881993
0.3380659
0.3859388
0.9759045
3.7573
0.3407059
0.4557781
0.2674604
2.307389
0.9253027
2.539287
2.377935
0.8339345
0.4451426
0.2193806
0.2863431
0.7302522
5.04135
2.141802
2.207667
3.834903
3.656321
0.3669669
0.4007096
1.333133
1.506232
0.5894106
0.6401537
0.5873648
1.014802
5.834385
0.107689
0.5178627
2.266917
2.069548
0.3790315
1.817856
3.194524
0.5467577
3.462502
0.4206199
1.367203
1.06711
0.8220142
4.827367
1.352891
1.527954
1.22337
2.905409
0.5675447
0.0955755
0.6692713
1.761817
1.65391
0.6126181
1.579873
2.20416
1.893491
1.039201
0.2246004
0.5465132
2.216921
0.2046733
1.548591
2.007528
0.4571466
0.09486018
0.2588032
0.5615523
0.05000392
0.2335974
0.6278908
0.2639629
0.6156625
0.7880057
0.6363866
1.14193
0.08965316
0.4239636
0.2228842
3.373456
0.2210255
0.4291022
0.3348715
0.7028695
1.890788
0.9955624
0.4224949
2.451405
0.5168674
0.1707587
1.211299
0.02380636
1.196508
0.1604471
2.047326
0.03667387
1.750862
0.1740234
0.4087867
1.340093
0.1199316
0.2389282
0.07553859
5.723698
0.05429213
0.8610845
1.877939
1.848917
4.063423
0.3415303
0.1341248
5.108904
1.099125
4.052174
1.653845
5.186536
4.912425
0.9511751
0.1132905
0.1294474
1.292593
1.629164
0.4570799
4.731875
0.07970537
3.041468
0.1255387
0.2504305
0.4235171
0.8593888
1.066327
0.7866685
0.3065697
0.14539
0.02595886
1.784935
2.525519
1.465019
4.077433
2.298061
1.323093
1.99067
2.756084
1.311333
0.819692
0.4637217
0.8151226
0.3027645
1.342726
0.9185866
1.864143
0.1507136
0.2703921
0.7697971
0.6711878
0.2520053
1.20441
1.401436
0.8208395
0.3995793
4.661557
0.946415
6.418635
0.6656712
0.06812513
0.6851817
0.3454397
0.2534136
1.071717
0.4180269
0.3753236
0.04786268
1.580665
0.7271655
1.582984
1.018712
2.946092
0.2508905
2.31038
0.7214443
1.131538
1.125033
0.1709195
0.331152
0.232986
0.6747671
0.3873458
0.05348678
0.2910401
2.368092
1.533593
0.1353929
0.986884
0.5581092
0.4244222
0.9878209
0.6988501
3.140727
1.061007
0.5953166
0.740657
0.2421972
2.125588
1.616794
0.8581937
0.07312494
0.5031218
3.316176
1.027894
0.6275112
0.9617571
1.180311
2.355323
0.8227412
0.00967795
3.02476
0.0907932
0.01804879
0.349042
0.6540148
4.522253
0.9378507
4.444632
1.772792
1.501569
5.43867
0.7650441
0.1508447
4.287033
4.190031
0.8278718
0.642095
2.362572
2.125971
0.2079516
1.103027
3.347506
2.968858
0.1417136
3.03029
1.03045
1.458078
0.4369974
2.05975
1.901542
1.073657
0.1716014
0.7744182
3.012078
1.205641
0.4457854
1.459709
0.7311492
0.1565714
1.845382
0.6366002
2.402834
0.2456231
0.1041547
1.868391
1.4423
2.104228
5.106605
0.6491714
2.494931
2.497426
1.927719
1.882106
1.153114
1.798703
1.091384
1.160927
2.638366
0.2737153
2.163896
1.802434
1.167608
0.5010015
1.223953
0.7524855
0.181398
2.513835
0.7434133
0.6785012
0.262538
0.3392967
1.950659
1.62241
0.8998777
1.704393
2.709322
2.684276
0.3240187
1.790013
0.7980738
0.9511757
2.72748
1.448914
1.126598
0.33254
0.1113432
0.7875593
0.5433363
3.637906
0.753482
0.3823649
0.4482962
0.3448564
3.195045
3.197491
1.809428
0.3419464
2.58307
2.776864
0.5817459
0.8226233
0.487789
1.290521
2.395431
2.248006
2.126227
1.253814
0.4781017
2.494598
1.56442
0.3762853
0.516815
0.1270873
0.6476714
0.4155975
0.5926705
0.2225718
1.861785
0.1235503
6.172725
0.763
1.30216
0.5655608
2.134365
0.1660862
1.846088
0.1195607
0.05360812
1.110155
1.225429
0.5092664
0.3571808
0.5023679
0.09284852
0.7211177
0.7082698
1.014728
2.725339
0.1816387
0.2195511
0.8761413
6.544935
1.754109
0.9190816
1.256038
1.049422
0.7217176
4.763413
1.691417
4.901751
1.088873
0.9357221
0.2374257
0.196529
0.4182399
0.5367339
0.4922523
0.755806
3.098152
3.254065
1.318589
3.11313
0.05545727
0.3433475
1.582512
0.9747917
0.7992555
0.1235744
5.721126
1.406139
0.06995969
0.7213874
1.99975
4.329073
0.8141211
3.823284
1.385497
0.1137705
1.816193
0.928186
4.810468
0.8464936
0.04774512
3.428811
0.384299
1.378822
4.035692
2.21422
1.129178
1.079447
1.106737
0.5063713
1.585579
2.044266
2.195394
2.033045
1.745332
0.4142107
5.332262
2.171432
0.06041143
0.8458341
0.3241898
2.039723
0.8507486
4.081911
2.320147
0.7608533
0.2341139
0.01894378
0.1107216
1.16584
0.526637
0.6764124
1.537902
1.808583
0.1012954
1.22486
0.9988176
1.638859
0.5273147
0.5573544
3.624106
1.973129
1.953002
1.281417
3.177217
1.128445
0.5063363
7.425646
0.6763527
2.007155
3.545299
0.2478953
1.259381
0.6104796
0.1898701
3.717141
0.3090401
0.3037566
1.01347
0.737536
2.507322
3.661032
2.615268
2.798461
3.508619
1.659509
1.405225
1.346008
0.1342822
1.345797
1.386726
0.04139228
0.1168925
0.05279615
3.134626
0.9074652
1.638571
0.1516278
4.276351
2.818886
2.141769
0.4229838
2.132752
1.673381
1.653291
6.949602
0.04421272
0.8981614
0.3139544
0.9652818
1.55392
1.475476
2.980495
1.182178
1.52285
0.3851555
1.479453
1.465836
1.345621
3.149693
0.1170505
2.280353
3.426362
1.416856
0.8921121
0.5183392
0.7485877
0.2964765
0.01362669
0.23042
0.8457689
2.042776
0.1884791
2.032654
0.3894077
0.1557315
1.13536
0.8561709
0.1416637
5.188727
3.563465
0.193321
0.06887816
0.8316676
0.6919822
3.779416
1.048544
3.168419
0.7692324
0.2169918
0.4558302
2.54816
0.808537
0.7448126
1.717882
0.9423328
3.069522
0.1402179
2.908694
0.3919352
4.035038
0.1026195
1.627021
0.3848599
1.42183
1.512162
0.8489561
0.8055591
1.606129
1.35697
2.810856
1.680534
2.460771
0.04564344
0.2525373
1.212024
0.07930121
0.4711435
0.3110143
1.060782
0.591333
0.7952113
4.012162
1.436503
0.9837634
0.9273695
0.7051459
2.617372
0.458406
5.509652
0.1982828
0.9244371
0.7759102
0.634522
4.020021
0.3061652
1.996071
1.773877
0.1852265
2.817156
2.18926
1.283992
0.4600619
0.5161215
0.6792128
1.695882
0.6447427
0.4270084
0.5610962
0.6889994
0.1971635
0.7149388
0.3048021
0.9992339
0.9790451
4.29389
2.176095
1.749618
3.266471
7.146173
1.008785
0.1376567
1.006563
0.03541671
0.8585721
2.106531
0.4866956
1.014193
0.1488909
0.3302772
1.227286
0.5378767
0.2572025
0.3989727
0.5228251
0.147029
1.329648
2.648966
0.1872698
0.2835499
6.183014
0.963038
1.517241
1.37971
0.7515769
2.09377
0.6602775
0.6460011
1.346898
0.3526413
2.522346
0.6183805
2.035965
0.9267359
1.386011
0.6756398
0.3693
2.214304
0.2789343
0.4582026
1.628374
3.128628
1.548485
3.9651
0.9873849
0.3003238
1.375381
2.347016
0.0939431
3.773401
3.335003
0.1597972
3.593322
0.6660852
6.151719
3.370067
1.539961
1.062907
0.4202024
0.2768697
1.451342
0.8770782
0.48693
0.08311967
1.043523
1.745529
0.01216299
4.405487
1.597456
0.06717993
0.3947259
0.5963315
1.496998
0.1185197
1.415211
1.335814
2.875108
0.4762997
1.130399
0.5708736
0.4500377
1.57054
0.2269463
4.545548
1.547757
1.805855
1.097496
1.001092
1.26525
1.756339
0.09591573
0.04246509
0.05760518
0.09643183
3.642862
0.7087963
0.2999025
3.940781
1.954543
3.389281
2.151203
0.5253016
0.4461824
2.789401
2.147072
2.912248
0.1466794
4.596351
2.038945
0.8457825
0.2237722
1.927097
0.7910322
0.5887968
0.0709603
0.3058649
5.9216
0.1952191
1.451707
1.936706
0.566851
0.6192271
1.507402
0.6080316
1.527685
1.267977
0.06988424
0.3080145
0.7517435
1.277389
2.924115
1.57063
0.1813082
0.3043895
0.6869131
1.040095
1.013948
0.8077517
0.2780801
1.422814
1.656608
0.3511908
1.619395
0.5756285
0.06914848
1.214174
0.01918676
0.5514738
0.04478892
0.8704842
3.348985
0.006630061
0.2604221
1.130942
2.275042
1.059571
2.389232
0.9220282
2.78064
0.7069996
0.2971033
0.1908776
1.183051
1.255505
4.523233
0.6073876
1.292952
0.3881548
0.501513
1.58893
0.8070313
0.09077941
1.28531
0.213151
0.1900238
0.8343257
0.457534
0.8634578
1.554974
0.08152135
3.0359
0.153748
2.914996
0.2100997
2.181863
0.04499919
0.294257
0.2846614
2.947258
2.985792
0.08836935
2.04144
0.4454642
2.123245
0.2726594
1.463832
1.824042
0.4674905
0.5089741
1.678322
0.7318606
0.2311972
1.875514
0.7962375
2.521757
1.069099
0.04140077
1.762711
1.281493
2.326173
1.309239
0.3107362
0.3039005
1.978271
0.2676083
3.473249
0.4640573
2.808003
0.6614282
0.1914566
1.40607
0.1696284
1.183593
4.798814
2.021859
0.7137141
0.8750458
1.865014
1.089645
0.1677581
0.6288993
0.6112157
0.7619697
1.113286
4.790455
1.249766
0.1429155
1.158123
0.5075384
0.7581448
1.4896
0.4610053
0.7428392
0.9287285
0.08218219
2.493181
0.9992054
0.2142226
0.2012292
1.145138
0.9495964
1.248484
0.02830016
0.1743361
0.636669
0.3586574
0.1419514
0.6810447
0.846792
0.5502814
3.13738
0.7693658
0.2322065
1.49307
2.429295
3.876694
3.005371
0.5890718
0.06104525
1.550423
1.096614
2.609412
0.964924
1.040878
0.995973
2.131581
1.140076
1.105648
0.554564
0.06144281
2.219279
0.4911759
1.779903
0.5206755
0.9202273
1.578643
2.701566
0.5369976
2.205239
0.8436918
4.952557
0.8253165
1.307759
0.1558127
2.027692
1.384771
0.1862223
0.4445871
1.009359
0.7691432
0.6668168
1.660429
1.377733
0.08984512
0.1161056
0.130693
1.414633
1.263932
0.08044095
0.1135249
0.4825109
0.550055
2.106986
0.1078289
0.9436093
0.2921388
1.761224
0.3071885
0.4405115
3.152548
0.833426
1.825962
1.41533
0.7208773
0.3576601
1.122575
1.263664
1.34522
0.3345521
0.546961
0.3867811
0.88159
0.2365519
0.9193144
0.2245234
0.03624843
1.326667
1.88466
1.813143
1.738578
2.223752
0.8914131
1.942254
0.7445249
3.45222
0.4229935
0.4268086
1.580969
2.485389
0.9195635
3.57392
1.173123
1.606638
2.217324
2.009486
0.1783319
0.1170081
1.272315
0.01393572
0.1193187
0.862152
1.677218
0.770238
0.02815891
1.122077
1.58172
1.439808
0.4673688
2.921967
0.610365
1.253688
1.941792
4.333181
0.2635604
1.476531
1.500641
2.868971
3.005849
1.054138
2.097549
0.4465207
0.7849024
3.491016
1.815668
0.496198
0.1500496
1.456772
0.5134001
0.9010749
2.461851
0.7415699
0.6640469
2.028019
0.7728483
3.104611
1.054747
3.33036
0.258054
0.006168827
1.451228
1.930516
0.2358192
2.378936
0.3104195
0.3036467
1.378893
2.041954
0.6385827
0.9013448
1.745087
0.01293813
0.8445018
0.3384189
2.955877
3.348461
0.6155098
3.728468
2.394572
1.668934
2.754096
0.7191411
5.935061
0.6440898
9.346063
0.6730808
1.493124
3.559485
1.230568
3.623461
0.802262
1.251983
1.271119
3.050965
1.867373
0.2927974
0.452665
0.1514615
0.1481404
1.306833
3.336897
2.089078
0.2817572
1.631602
0.5137171
1.276661
2.099773
2.197841
0.3814597
2.28795
0.9726381
0.8975237
0.4536352
1.897315
2.228957
1.500802
3.465561
0.2236412
0.287149
0.08743997
0.690129
0.8232319
0.1815211
0.4275376
0.1192715
2.47528
1.296278
0.103601
0.2119346
3.061181
0.07398712
1.299712
0.1918175
0.9040206
3.517695
0.3860685
0.5225274
2.529974
0.7641658
0.02154263
2.508205
2.579148
0.4132857
3.062429
0.3481677
0.5477915
4.452
2.414572
3.261644
1.594946
1.113015
1.699557
0.05740847
0.3627564
0.3009719
0.522669
0.3244268
0.8265481
1.604686
0.1872244
0.2809757
1.01263
2.782397
2.707079
1.747943
0.2453166
1.7948
0.7602889
3.144076
3.185094
6.508319
0.1425393
0.7997552
0.04726873
0.8553177
0.03838632
1.162757
3.270775
0.9282192
0.2129196
0.09974725
0.05004913
0.3678258
1.174138
5.009314
2.691492
2.416122
0.05510371
1.946959
0.6485148
2.81028
3.358149
0.4768373
2.931291
0.6515178
0.9402058
0.4747666
0.06183559
1.409731
0.4678489
2.595995
3.789166
0.9636689
0.05979212
1.327474
1.423715
0.419337
0.3445358
0.03439218
0.0146243
1.028279
1.726897
4.960744
4.082684
0.4357093
0.7596379
2.079439
0.2964168
1.664525
0.760586
0.6818079
1.723072
3.628516
1.827454
6.650139
0.6848154
0.1988599
1.529467
3.963544
2.241059
0.3880526
1.717032
3.315629
2.081716
1.167164
0.2968478
0.09727594
1.923578
0.8392224
0.8369858
0.7503456
1.789896
3.064682
0.8444163
2.94577
0.8108506
1.337279
0.6398052
2.293407
1.054802
0.18152
0.4416251
0.7983426
1.452662
2.678529
1.016058
0.3208708
0.4601399
0.8524882
0.3504472
0.09696863
0.6899476
0.002791475
0.572101
0.05940883
0.961286
0.2464317
1.564721
0.7557427
1.086074
0.09488206
2.969498
0.3687198
0.2177833
2.445349
1.075842
1.316801
0.1194203
2.623269
0.2092591
1.540149
1.180691
1.061561
6.019432
0.3672448
1.020603
3.797605
2.213876
1.584409
0.140139
0.6320046
0.4862333
0.8863058
1.098473
1.012355
0.8541847
0.7143141
0.9252834
0.7830849
0.2641984
1.447173
3.977318
3.570187
1.236848
0.1327546
0.9535844
0.9015167
0.007123366
1.230964
3.50196
0.4032651
0.05098271
3.614124
1.120584
3.490692
2.063485
1.618804
0.08522289
0.01501413
7.13258
0.05688876
0.2618017
4.674877
2.195413
0.9234076
1.487004
0.2679888
0.1902512
0.7630324
1.131057
0.3082347
0.3414236
3.146785
5.085673
2.771711
0.4688892
0.7543496
0.2569904
1.095569
3.421448
0.05241628
0.8173236
1.399943
2.121704
1.851412
2.661949
0.1835431
0.3061214
0.5923218
0.02923995
0.4685682
0.8899675
0.9495798
0.7994663
1.400806
0.6696262
1.995747
0.03282202
1.460778
0.4789843
1.229487
3.165424
0.07692454
0.2402163
0.5240825
0.5680682
0.295603
2.239906
0.1254469
0.9251948
0.7350891
0.803774
0.461896
1.989971
1.05742
2.120123
0.9211642
0.5221924
0.4730768
0.04566057
1.447242
0.3156983
4.307546
1.068737
1.558212
1.007808
1.113091
0.06126981
0.5443733
1.323578
0.3790497
0.353196
0.0550467
1.628231
0.1085318
2.708082
2.294351
0.2731576
1.105287
0.6235734
1.719721
1.236454
0.3958133
0.6081767
1.097676
2.035081
0.3204
0.4569413
0.2031372
0.00815609
0.2104111
0.5965346
2.401198
1.33091
2.264764
0.05969909
0.1655422
1.71759
2.138294
2.257499
0.264207
1.186263
1.188941
0.4582685
0.09521607
1.318667
0.7603855
0.2299467
0.4541701
0.752603
4.106102
0.161531
0.2567053
3.055392
1.057695
1.21023
1.290937
0.02987857
1.215082
0.06950984
0.2218772
0.1430324
2.759211
0.6605213
0.01087779
4.446336
3.428983
2.663579
0.1533424
1.54818
0.03565518
0.5633668
0.8068171
0.8689396
1.355188
0.06962965
0.8208265
1.546106
1.259348
1.067623
1.218353
2.65237
0.7813935
0.2144341
0.7602081
6.013749
1.945726
1.301585
0.8765188
3.850645
0.09734446
0.8039234
0.3427794
0.03506852
0.009851161
1.16156
0.9333708
0.1011347
0.8997119
0.43636
5.125202
0.4059875
1.310457
1.652007
1.65449
0.3341784
0.2711896
0.5615354
0.9832196
0.2648727
1.124305
1.027172
1.705762
1.408276
0.7872789
4.023785
2.260491
1.012149
1.206881
0.787363
0.6718753
1.809961
2.226598
0.2228419
0.1724951
0.277078
3.645283
0.2910593
0.4141549
2.448333
0.08172701
2.801019
0.1358269
0.1431951
0.9165427
0.2568756
1.269924
1.009771
3.642153
1.383574
0.1346297
4.932124
0.04023032
0.4803552
0.6245946
0.7359159
0.1522091
0.06282328
0.6812841
0.655989
0.9888423
2.511238
5.72011
2.31746
1.448262
1.070503
0.5344814
3.532857
1.189469
0.2395358
1.21402
0.2577474
1.581386
0.601
1.616476
0.4823234
0.5608469
0.2596467
0.2976065
4.906833
1.233934
3.752414
2.425015
4.268722
0.6986497
2.180504
2.605295
2.251143
2.514202
2.718647
0.8457679
0.5823283
1.180161
0.01942845
0.08182177
6.365674
3.654987
0.9940205
1.052313
0.1787578
0.9988844
2.016438
4.313258
2.706146
0.5283535
0.8324052
3.955304
1.28403
0.04077311
5.364913
1.413111
0.3583392
0.3833484
0.7811795
0.07803213
1.157104
3.205007
1.39145
0.7779137
1.089003
0.1943527
0.3528277
1.250035
3.462836
2.494031
0.9666242
4.8216
2.360943
0.8381114
0.8889931
0.4197389
0.9675806
2.99023
1.059963
0.3952137
0.3983732
1.027985
2.09546
0.1693935
0.180699
0.431952
1.068344
1.797431
0.2937644
3.996568
0.9615435
0.5121884
2.151268
1.24827
0.8214035
1.79708
0.2540944
1.000213
0.6469198
2.339062
0.762905
0.1122786
1.71683
4.069093
3.22561
0.9960571
0.636876
0.7455602
0.4073323
1.324754
3.916869
0.2525079
0.1090836
0.2229228
0.02634362
2.289818
2.245394
1.212409
3.331032
0.08754215
6.805275
0.5652441
0.3173919
0.7688943
3.83694
0.5171349
0.2022309
0.47749
1.789692
0.09274492
0.2400125
2.450826
0.02999386
0.2295618
0.8989672
0.5529972
0.8238286
0.2001701
0.346906
0.07645502
1.897787
1.636596
0.4143514
1.266967
0.9787282
0.9788669
0.2190512
2.054083
1.027284
0.8622394
2.293709
1.422201
0.1466442
0.6785029
1.907957
0.6631947
0.1684602
1.117732
0.185646
1.021817
0.724963
0.09529855
0.3070197
1.654708
0.2159457
3.048483
1.071786
3.319267
0.2498904
0.6905058
3.598894
1.8263
0.3932223
0.05999193
0.1535908
0.5098702
1.033609
0.0188267
1.083149
0.7618641
0.04397719
0.6270211
1.308109
0.07882136
0.738721
0.4071533
1.265859
0.2432452
5.353714
0.4810919
0.1464885
4.153381
1.189307
5.1645
3.205395
0.5569367
1.110996
0.4794648
0.990126
0.3856534
1.291541
0.555069
0.2264093
0.9958711
0.8653183
0.8946783
3.538339
11.02464
0.432031
2.25733
1.373559
3.295543
0.737999
1.394991
2.145857
0.2151594
0.8856797
0.6716979
0.8067691
0.11926
4.712926
1.157004
1.079246
1.367916
0.3078162
0.8039476
1.047954
0.222559
1.111952
2.086779
0.04343684
1.52976
0.4118797
0.0933051
0.1841229
0.2076144
1.032511
1.624234
0.5702051
0.1430412
2.298229
0.912801
0.3769907
0.7276565
3.371189
0.7064599
1.038454
1.925967
0.996615
0.9621621
0.4333881
0.1839389
2.116547
1.582551
3.487519
1.318575
0.1459441
1.300543
4.84724
0.6413411
1.99995
0.3723771
0.1523081
0.1222307
0.06888698
1.388834
0.8020296
0.1174584
1.856317
0.4387683
1.178065
0.110456
0.1013797
0.1523835
6.650626
0.04365923
0.1383803
1.831856
0.8988096
4.434473
0.08897884
1.082088
0.6472977
0.7715282
1.755638
3.161472
0.6706266
0.4102243
0.3034781
0.7466807
5.300576
2.583914
1.22545
1.266548
0.6359987
0.009402611
0.6336311
1.491278
0.891742
0.8136324
3.273561
0.7658177
0.8077797
0.4975564
0.001032574
0.3118234
0.804331
0.6651501
1.086184
1.763122
2.667035
0.1502617
0.5348234
0.838471
1.231027
0.8722503
5.306925
0.1439515
1.145367
1.897202
0.5702962
0.2497549
0.1958219
2.457755
0.8676643
1.4013
1.317416
1.279155
2.921603
0.1941363
0.8605618
2.29219
0.3520711
5.289847
0.8026392
0.6727855
2.053837
0.4296455
1.922908
0.680283
3.61234
0.3413683
1.007836
0.4996146
1.592763
0.04328111
2.159646
0.6805727
0.2795738
0.4685948
1.710546
3.692967
0.8845619
1.34258
0.6598852
0.1843452
1.874118
1.923202
0.3444073
2.002975
0.3972302
0.7422237
0.0747255
1.016786
1.486153
0.2975559
0.7222345
1.269707
0.5718952
0.1404197
0.3931894
1.507818
5.419873
0.3286868
1.854754
3.348042
0.1920798
1.223252
3.409503
0.002914418
1.826815
2.834389
1.35433
0.9461607
0.4270776
0.3614457
0.4004544
1.238594
1.860833
1.289474
1.28432
0.1396631
1.635182
1.685423
0.8823336
1.186257
3.681553
2.423346
1.222762
3.348988
0.3712025
0.03947464
0.9018329
0.9036995
0.8252638
3.439327
1.420284
3.027139
0.39088
5.238509
2.068316
0.8402614
1.702198
2.265642
0.8847239
1.421031
0.9117843
4.225958
0.4767968
0.1471885
1.005036
0.6727347
0.2632843
0.6837794
1.503937
0.95616
0.2455603
0.335377
0.8227809
0.3840513
0.05499392
0.6231565
3.262809
0.1443805
2.059045
0.300954
0.5570585
1.712551
1.838397
2.520786
1.207148
0.4982103
0.139744
2.219619
0.004962127
0.363379
4.013115
1.289013
0.5296092
1.04422
4.516904
5.968703
0.2906186
5.08433
0.2859113
0.6881042
1.748369
1.920039
0.4075119
2.142831
1.432226
0.910684
0.1749072
1.581009
1.477359
1.685498
0.3659627
0.4253458
1.909595
0.3509277
0.07254974
4.147647
1.25766
1.829656
0.9092801
1.535148
2.598917
5.586623
4.094448
2.499391
1.762182
0.7023949
1.006585
3.166584
1.428876
1.897544
0.1721777
1.540041
2.762909
1.698751
1.694246
0.01505211
0.2691554
0.420224
5.813154
0.2846111
0.3766804
3.780741
2.04406
5.898527
0.116589
0.2915339
2.691303
0.1447635
0.8898722
2.101734
0.07136949
0.5017916
1.909755
1.814452
1.516356
2.538461
1.548125
2.777675
0.8558029
1.009851
1.371945
1.219217
1.60479
1.536918
1.618957
0.2155629
0.07924285
1.597246
1.771581
0.5092023
5.735117
0.2626527
1.968789
0.7100261
0.5525467
0.5910392
1.031158
1.450107
0.08788515
0.1130022
0.7257578
2.903798
0.5046304
3.153129
1.268628
1.786912
2.452668
0.3509811
0.5559634
0.8197238
2.085061
1.084158
0.4358385
0.7334619
2.185002
0.1946087
1.394229
0.4367466
4.229953
0.3028064
0.7237513
0.5823882
0.485382
1.21132
0.674048
6.545247
0.7339065
0.1749933
0.08521183
1.436109
9.238007
0.2561784
2.135833
0.7778914
2.256839
0.3837539
0.8320511
0.1919959
1.854187
1.584431
2.736798
1.289194
1.305487
2.107619
0.7337432
0.3762318
0.2342596
0.4446925
3.211352
0.7669604
0.1124754
0.706573
3.32118
1.778337
2.572681
1.715571
0.0919214
1.067878
1.777437
1.101247
2.94174
2.445326
3.032997
5.019028
1.681877
0.6546871
0.2620788
1.235081
0.2038538
0.4307687
0.4709735
0.0119896
0.01592941
0.9452975
2.223323
0.7416063
0.637678
3.190257
0.9329884
0.02084071
1.069762
0.8170741
1.58938
0.3183221
1.293935
1.399627
1.553577
0.2164305
0.8848991
1.302804
2.671227
0.5727009
0.7739894
1.143597
1.314471
1.612299
0.6960642
2.286325
3.721771
0.5776253
0.2145161
1.855104
5.751209
2.481783
0.4317029
0.1358255
3.279298
0.2451369
0.2351992
2.252011
0.2994125
0.6508225
0.3473975
2.179518
3.505015
1.598615
3.070382
0.1012963
1.200797
2.76871
2.533603
1.939096
0.2917723
1.984658
3.263027
0.01216916
3.628927
0.1020161
1.368412
0.5111227
0.3961845
0.2786374
0.6024307
0.6088882
0.8481117
0.6147703
1.35503
2.552004
1.413085
4.147635
0.09796711
2.036978
3.084454
0.2044549
0.8021482
0.1952951
0.8407011
0.5937744
0.001457533
1.945527
2.552521
0.02440213
1.316865
1.768751
0.4923339
0.4280153
2.574968
0.635332
0.3703883
1.34831
0.3023364
0.9647375
0.2716511
0.1828827
1.486175
1.903547
0.6525248
0.02292666
1.468335
0.1977881
5.251965
0.3252118
0.3564298
0.2996676
0.1438326
0.1061047
1.808908
1.954195
1.156864
0.1457541
0.8195623
1.306273
0.05635169
3.947577
3.409631
0.6436114
1.653098
2.377028
0.1779874
0.9721043
0.06120162
0.3709863
0.7319885
0.8827933
2.508597
0.1661145
0.7655973
0.008147815
2.030868
1.283778
0.8171389
0.6726534
0.2182824
0.7875401
1.211009
1.176664
0.03176145
0.3380906
1.817548
1.472048
0.4537575
1.532378
2.94717
3.245264
2.888078
1.21403
0.8259843
2.170763
2.550429
0.6082974
1.875493
0.238327
0.8800727
0.439553
1.35509
0.2135967
0.1295007
0.2437747
0.2850004
0.5686725
0.3960479
0.2311594
0.1764832
3.837964
0.1180333
1.611694
2.321569
4.992004
0.2635987
1.134168
0.7785504
1.079764
1.813431
2.154791
0.09137863
0.1094366
1.094488
3.936865
1.110812
0.08786822
1.130519
8.284235
0.7247679
0.3761708
3.696972
1.070887
0.7333799
0.6646595
0.2155316
0.6997307
0.9876938
3.7149
0.1198453
0.9769263
0.04338547
0.7420154
1.008184
1.703328
0.06836785
1.964418
0.3000308
4.661416
0.4733004
0.1938421
0.3334916
0.136222
0.8588636
0.01479696
0.2573521
4.912135
0.05395709
4.211037
1.172584
0.9600295
1.407174
3.63348
0.8085258
4.801758
4.372579
0.3960778
3.971795
1.445148
0.9598418
0.654963
2.444371
0.443205
1.096358
2.805615
0.003520836
0.08396274
0.1940995
1.452367
4.30388
4.706782
0.2790979
1.129637
0.2850648
0.2479582
0.7437362
2.00117
0.120419
0.2158501
1.406432
1.890349
0.5421756
2.026516
0.9598305
3.665409
0.4143492
0.2628282
0.9432625
0.7468821
0.5648256
4.228995
0.2389878
0.4181498
0.2768807
1.072818
0.4885579
0.8421829
3.92922
0.4811584
0.2394588
4.227008
0.5690534
1.249592
0.57232
0.4676006
0.1721976
1.065986
0.480433
0.385854
3.147443
0.6827831
0.4797105
4.353423
0.4969128
1.490907
0.4152945
2.4596
1.775395e-05
1.850595
0.598972
2.383933
0.784678
0.4975488
0.9574518
1.337983
3.114078
0.2299786
1.966305
1.38852
0.009318299
2.844557
1.224479
5.656767
0.791252
0.7142977
0.1953175
1.192981
0.762484
1.752948
0.7795183
1.966934
0.2413168
0.321951
0.4978972
0.7003088
0.6618615
0.03206286
1.342526
4.598037
1.011827
0.08489149
0.5914109
1.732028
0.6245747
0.5179156
1.079701
0.1182141
0.8101277
0.6162592
0.06394191
1.245318
0.4764812
3.644812
1.370628
0.232019
1.942107
1.158879
2.028175
0.2731463
0.06281613
0.07591141
0.4091825
0.2719236
0.2084143
0.6682553
0.7022089
4.685518
