19.48785 1.520341
18.08384 -0.4061314
13.80163 2.127411
12.82095 1.670052
17.78741 1.871718
17.61689 0.1721909
15.59743 1.74252
16.36982 1.371247
13.29128 0.6511916
12.38405 2.28264
16.87369 0.8090977
16.07844 1.11145
19.12153 2.602145
17.73106 0.209474
12.90638 1.213804
11.58207 2.608009
18.7755 -0.400181
12.57667 1.392294
13.25774 1.612454
10.0659 1.865926
16.29834 0.3399324
18.84327 1.231786
16.47978 1.162872
10.92619 3.069068
16.93803 1.384784
12.28973 0.4271853
14.96631 1.947527
10.28893 1.804075
13.25294 1.944639
16.42495 2.816762
14.94534 1.88198
12.04932 2.30684
18.81223 0.6367232
10.85171 1.720257
14.98786 0.260408
14.09322 2.106067
11.74369 2.193389
15.11509 -0.5025354
12.73588 1.496433
19.02485 1.505483
14.72779 1.318546
19.93286 -0.1361066
11.52398 2.950211
15.19135 0.781248
16.76612 1.414181
18.99268 1.598775
13.14648 2.766381
18.5736 1.234062
19.1831 0.7144759
14.13423 0.3115008
12.81104 2.212311
14.62378 1.835397
18.57506 0.4990551
19.13012 -1.189003
14.85632 1.623406
14.71897 0.2258071
10.9783 3.820769
10.63149 0.4423878
11.05964 1.853354
11.22755 1.495643
17.21925 0.8906456
12.84526 1.472033
17.24041 0.321555
19.75744 -0.5007528
19.19094 1.68859
14.11894 3.189107
11.03833 2.915248
18.40977 -1.411836
16.50546 1.054352
19.21974 0.5612312
18.98836 1.53835
10.77711 2.267568
14.81692 1.49974
13.19807 3.318976
13.17454 3.219259
14.65398 0.1355618
16.90473 0.8149268
19.14716 0.3184559
11.25311 2.376269
15.25604 -0.0243378
15.63501 1.661203
18.43184 0.4718339
13.36987 3.440152
18.81744 1.970014
15.52249 1.445413
18.51356 0.8775373
15.49528 2.249637
19.98553 -0.1656321
19.50379 0.4223826
18.73375 -0.110277
17.81709 -1.93079
10.06985 1.68496
13.53302 1.78425
11.43627 1.784743
14.27716 2.215554
15.34489 1.213896
16.17978 0.9353448
18.34911 0.6130328
14.11631 1.228222
12.88194 2.886424
