19.48785 8.052981
18.08384 10.52327
13.80163 8.94136
12.82095 8.309731
17.78741 10.66302
17.61689 10.91389
15.59743 8.101136
16.36982 7.074484
13.29128 11.9582
12.38405 9.250257
16.87369 11.20109
16.07844 7.000328
19.12153 8.067599
17.73106 7.773541
12.90638 11.15569
11.58207 7.638489
18.7755 7.382909
12.57667 11.16941
13.25774 8.866958
10.0659 8.107315
16.29834 11.07822
18.84327 9.411013
16.47978 11.11032
10.92619 9.59774
16.93803 8.996569
12.28973 10.46217
14.96631 10.52577
10.28893 12.09877
13.25294 12.07135
16.42495 9.065565
14.94534 10.47266
12.04932 11.3618
18.81223 7.528236
10.85171 10.71665
14.98786 7.559976
14.09322 11.77173
11.74369 10.54455
15.11509 7.548758
12.73588 8.189478
19.02485 6.296681
14.72779 8.388793
19.93286 8.129122
11.52398 8.39556
15.19135 9.567007
16.76612 6.111946
18.99268 9.241057
13.14648 11.1163
18.5736 10.38136
19.1831 9.237175
14.13423 10.92051
12.81104 7.167281
14.62378 9.588162
18.57506 7.397484
19.13012 9.356249
14.85632 10.55078
14.71897 9.630369
10.9783 11.77294
10.63149 11.7981
11.05964 9.721697
11.22755 9.599503
17.21925 7.728355
12.84526 11.20093
17.24041 9.838354
19.75744 5.198254
19.19094 9.226405
14.11894 8.746999
11.03833 12.70185
18.40977 6.546748
16.50546 9.028784
19.21974 8.040058
18.98836 9.215391
10.77711 10.76106
14.81692 10.49466
13.19807 10.1514
13.17454 11.84528
14.65398 10.55021
16.90473 8.978959
19.14716 9.383244
11.25311 12.68833
15.25604 9.3708
15.63501 10.09784
18.43184 9.580392
13.36987 11.07882
18.81744 9.429044
15.52249 8.404247
18.51356 9.648329
15.49528 11.2464
19.98553 10.02221
19.50379 8.133889
18.73375 6.263588
17.81709 10.53312
10.06985 11.94368
13.53302 11.68375
11.43627 10.75817
14.27716 11.5981
15.34489 7.398219
16.17978 10.22373
18.34911 7.504554
14.11631 11.86342
12.88194 11.10165
